$(3u + 1)x^7 + (3u + 1)x^6 + (3u + 3)x^5 + (3u + 3)x^4 + (u + 3)x^3 + (u + 3)x^2 + (u + 1)x + u + 1$ & $[16, 4^2, 2^6, 4]$ & $[32, 10, 4]$ \\
Z4 := IntegerRing(4);
T := LinearCode<Z4, 16 |
[1,0,1,0,1,0,1,0,3,0,3,0,3,0,3,0],
[0,1,0,1,0,3,0,3,0,3,0,3,0,1,0,1],
[0,0,2,0,0,0,0,0,0,0,2,0,0,0,0,0],
[0,0,0,2,0,0,0,0,0,0,0,2,0,0,0,0],
[0,0,0,0,2,0,0,0,0,0,0,0,2,0,0,0],
[0,0,0,0,0,2,0,0,0,0,0,0,0,2,0,0],
[0,0,0,0,0,0,2,0,0,0,0,0,0,0,2,0],
[0,0,0,0,0,0,0,2,0,0,0,0,0,0,0,2]>;
T;
HasLinearGrayMapImage(T);
MinimumLeeWeight(T);


new
$(3u + 1)x^7 + 3x^6 + (2u + 3)x^5 + (3u + 3)x^4 + (u + 3)x^3 + (2u + 1)x^2 + x1 + u + 1$ & $[16, 4^3, 2^4, 8]$ & $[32, 10, 8]$ \\
Z4 := IntegerRing(4);
T := LinearCode<Z4, 16 |
[1,0,0,3,0,3,3,0,1,2,0,1,0,1,3,2],
[0,1,0,3,1,0,1,2,0,3,0,1,1,2,1,0],
[0,0,1,1,0,0,1,3,0,0,1,1,0,0,1,3],
[0,0,0,2,0,0,0,2,0,0,0,2,0,0,0,2],
[0,0,0,0,2,2,0,0,0,0,0,0,2,2,0,0],
[0,0,0,0,0,0,2,2,0,0,0,0,0,0,2,2],
[0,0,0,0,0,0,0,0,2,2,2,2,2,2,2,2]>;
T;
HasLinearGrayMapImage(T);
MinimumLeeWeight(T);


new
